0.35 0.0104929 0.000756508 0.013503 0.00175732 0.00877805 0.00110536 0.00861593 0.00112106 0.00861602 0.00112106
0.625 0.00629295 0.00281423 0.0166629 0.0022464 0.0126983 0.00135584 0.0111016 0.00149588 0.0111013 0.0014959
0.875 0.00773968 0.00430336 0.0176821 0.00361504 0.0146762 0.00195581 0.011844 0.00242089 0.0118441 0.0024209
1.125 0.0277506 0.0021214 0.0125165 0.00437152 0.0108851 0.00273674 0.0084038 0.00293624 0.00840368 0.00293643
1.375 0.0331209 0.00287641 0.0170988 0.00591308 0.0107357 0.00586931 0.0112182 0.00388176 0.0112183 0.00388175
1.625 0.0499081 0.00309588 0.020278 0.00837955 0.0166463 0.00528667 0.0134189 0.00554916 0.0134199 0.00554946
1.875 0.0593302 0.00378218 -0.00979493 0.0256051 -0.0135831 0.0122093 0.00641324 0.0167594 -0.00641422 0.0167624
2.125 0.0603619 0.00535274 0.0230813 0.025079 0.00720889 0.0507404 0.0149363 0.0162128 0.014925 0.0162235
2.375 0.0634705 0.00768581 0.00715823 0.0203361 -0.00311919 0.0609466 0.00456008 0.0129542 0.00456182 0.0129456
2.625 0.0835398 0.00862643 -0.0239278 0.0265698 -0.0244941 0.0198735 0.0150985 0.0167516 -0.0150959 0.0167506
2.875 0.0912658 0.0104158 0.0266318 0.0892884 -0.0256365 0.0411466 0.0169028 0.0567779 0.0169307 0.0566841
3.25 0.118558 0.00940433 0.0163679 0.238844 -0.031686 0.0647556 0.0100716 0.147296 0.0100676 0.147322
3.75 0.123101 0.0171793 0.0399956 0.387079 0.00128593 0 0.0186261 0.180708 0.0186419 0.18051
0 0.141263 0.0200306 0.0362953 0.234231 0.0446183 0.0409433 0.0206348 0.13306 0.0206349 0.133061
