0.35 0.0280657 0.00202831 0.0448025 0.00616543 0.0343055 0.00449341 0.0341139 0.00469408 0.0341146 0.00469413
0.625 0.0168325 0.00752847 0.0668174 0.00907535 0.0607722 0.00571625 0.0534149 0.00724997 0.0534136 0.00725017
0.875 0.0211657 0.0117693 0.0663051 0.0136546 0.064642 0.0083572 0.0529682 0.0109055 0.0529686 0.0109056
1.125 0.0752105 0.00577283 0.0689764 0.0222677 0.0771581 0.0121702 0.056026 0.0180895 0.0560234 0.0180906
1.375 0.0906074 0.00788837 0.138997 0.0271463 0.126793 0.0167618 0.109959 0.0214678 0.109962 0.0214682
1.625 0.137942 0.00858467 0.123573 0.0465208 0.130065 0.0265016 0.0985797 0.0371285 0.0985802 0.0371291
1.875 0.166401 0.0105971 0.149112 0.0367676 0.128232 0.0277716 0.117189 0.0289282 0.117217 0.0289273
2.125 0.163857 0.0144966 -0.0210059 0.288814 -0.0646471 0.0804094 0.0162995 0.22232 -0.0162399 0.223126
2.375 0.169958 0.0205365 0.107405 0.158558 0.139535 0.0658899 0.0828751 0.12232 0.0828393 0.122389
2.625 0.215549 0.0221717 -0.0380879 0.151704 -0.0765704 0.072306 0.0287173 0.113903 -0.0286561 0.114104
2.875 0.245055 0.0277377 -0.0405109 0.139555 0.0363764 0.0647915 0.0317114 0.109455 -0.0317638 0.109293
3.25 0.301095 0.0237159 0.356838 0.109836 0.235792 0.116116 0.272112 0.0836213 0.272073 0.083618
3.75 0.288791 0.0402308 0.307377 0.487377 0.0544105 0 0.174723 0.276683 0.174709 0.27664
0 0.338205 0.047786 -0.0971153 0.627612 -0.157731 0.148509 0.0658009 0.424885 -0.0658016 0.424889
