0.35 0.0317992 0.000586571 0.0230722 0.00412614 0.0183898 0.00295184 0.0180003 0.00322105 0.0180003 0.00322074
0.625 0.0592011 0.00079126 0.0314333 0.00488239 0.028538 0.0031596 0.0253978 0.0039497 0.0253978 0.00394959
0.875 0.0820547 0.00106089 0.0481761 0.00623262 0.0416639 0.0039364 0.0390886 0.00506332 0.0390884 0.00506344
1.125 0.108151 0.00142445 0.0385469 0.00822848 0.0310753 0.0069481 0.0310016 0.00662927 0.0310031 0.00662901
1.375 0.132582 0.00188215 0.0515674 0.0156642 0.0347846 0.0185709 0.0417606 0.0126972 0.041761 0.0126971
1.625 0.151934 0.00248699 0.0436662 0.0194933 0.0370301 0.0141377 0.0342335 0.015312 0.0342362 0.0153122
1.875 0.168598 0.00324627 -0.021174 0.0553272 -0.0331034 0.0298688 0.0168627 0.0440476 -0.0168627 0.044049
2.125 0.179486 0.00423991 0.0519661 0.0563168 0.018454 0.129892 0.0406183 0.0439763 0.0405893 0.0440074
2.375 0.199174 0.00556812 0.0318188 0.078025 -0.010423 0.203608 0.0247228 0.0606265 0.0247454 0.0605746
2.625 0.224963 0.00716608 -0.0206892 0.0729698 -0.0361607 0.0479029 0.0161177 0.0568794 -0.016116 0.056884
2.875 0.22199 0.0092348 -0.219563 0.0735352 -0.184147 0.0490334 0.165692 0.0549687 -0.165693 0.0549692
3.25 0.23284 0.00964201 0.0243015 0.354701 -0.0590788 0.121817 0.0176858 0.258716 0.0176805 0.258786
3.75 0.279466 0.0151997 -0.0230173 0.22553 -0.000867818 0 0.0164643 0.161697 -0.0164803 0.161548
0 0.294839 0.018856 0.560269 0.296161 0.25778 0.18047 0.232383 0.17388 0.232241 0.173949
