0.35 0.0192168 0.000310326 0.0148062 0.00262022 0.0119966 0.00189797 0.0117265 0.00207659 0.0117266 0.00207639
0.625 0.0357775 0.000395155 0.0243786 0.00359402 0.0227982 0.00199664 0.0201063 0.00296763 0.0201064 0.00296755
0.875 0.0506989 0.000536872 0.0349403 0.0042339 0.0306321 0.0023423 0.0287625 0.00349012 0.0287623 0.0034902
1.125 0.0662247 0.000714929 0.0410855 0.00651431 0.0367688 0.00360704 0.0340061 0.00540189 0.0340065 0.0054014
1.375 0.0819469 0.000950323 0.0810765 0.0073234 0.0685747 0.00272836 0.0673494 0.00608507 0.0673507 0.0060847
1.625 0.094878 0.00130287 0.0514668 0.021069 0.0482962 0.0140294 0.0413792 0.0169724 0.0413793 0.0169717
1.875 0.106836 0.00171652 0.0623442 0.0142397 0.0521657 0.0117865 0.0506988 0.0116079 0.0507027 0.0116083
2.125 0.110082 0.00224781 -0.00914706 0.125762 -0.0276239 0.0343549 0.00729309 0.0994731 -0.00726672 0.0998378
2.375 0.1205 0.00298624 0.0923392 0.0318335 0.0778306 0.0138775 0.0739279 0.0255285 0.0739349 0.0255294
2.625 0.131144 0.00377309 -0.00636956 0.0331388 -0.0188691 0.0265932 0.00504395 0.0261859 -0.00503355 0.0261937
2.875 0.134671 0.00506275 0.064597 0.0554223 0.0436155 0.0355754 0.0511467 0.043921 0.0511469 0.0439219
3.25 0.133603 0.00521266 0.102469 0.0454664 0.0733851 0.041219 0.0786198 0.0348074 0.0786158 0.0348074
3.75 0.148128 0.00781684 -0.0342133 0.0753747 -0.0061293 0.120266 0.0254115 0.0558599 -0.0254126 0.0558617
0 0.159486 0.0098868 -0.289944 0.181962 -0.152114 0.111005 0.121925 0.0998485 -0.121852 0.0998724
