0.35 0.0333431 0.000432474 0.0303776 0.00240687 0.0234077 0.00194429 0.0235859 0.00187184 0.0235862 0.00187183
0.625 0.0556762 0.00058484 0.0473992 0.00326872 0.0343327 0.00242879 0.038046 0.00262781 0.038046 0.00262781
0.875 0.0798966 0.000788243 0.0567997 0.00437964 0.0402786 0.00363769 0.0458413 0.00354248 0.0458416 0.00354245
1.125 0.103004 0.00105585 0.0510829 0.00802278 0.0334983 0.0071488 0.0409772 0.00644735 0.0409785 0.00644718
1.375 0.126157 0.00140757 0.0523519 0.0154964 0.0311532 0.0166228 0.0420615 0.0124634 0.0420623 0.0124635
1.625 0.154262 0.0018712 0.0870427 0.0165621 0.0582419 0.0152313 0.0691722 0.0131868 0.0691782 0.013186
1.875 0.171054 0.00247778 -0.0205123 0.0534933 -0.0265793 0.0238864 0.0162753 0.04243 -0.016276 0.0424332
2.125 0.183108 0.00318279 -0.00428372 0.0590714 -0.0048165 0.0344136 0.00328311 0.0449146 -0.00326881 0.0450443
2.375 0.209966 0.00411882 0.0387666 0.0942893 -0.0106523 0.208088 0.0305465 0.0742969 0.0305764 0.0742362
2.625 0.230123 0.00522231 0.0135024 0.0546457 0.0270414 0.0307446 0.0106069 0.0427506 0.0105857 0.0428264
2.875 0.246699 0.00674576 -0.0792355 0.0672354 -0.05035 0.0424932 0.0616838 0.0523917 -0.0616835 0.0523923
3.25 0.272522 0.00655767 0.016697 0.243676 -0.0310665 0.0650347 0.0128901 0.188539 0.0128859 0.188585
3.75 0.313807 0.0099329 0.0135345 0.132635 0.000204775 0.558388 0.0102827 0.101025 0.0102932 0.100935
0 0.351765 0.0120546 -0.164124 0.0878991 -0.133387 0.0772879 0.127205 0.0677541 -0.127206 0.0677543
