0.35 0.0296197 0.00224418 0.0247574 0.00512856 0.0183189 0.00341408 0.0182932 0.00379002 0.0182932 0.00378974
0.625 0.0198063 0.00886766 0.0322385 0.00612432 0.0343353 0.00417872 0.0250542 0.00476059 0.0250535 0.00476047
0.875 0.0240548 0.0133848 0.0409165 0.00928285 0.0454485 0.00578383 0.0317351 0.00719939 0.0317348 0.00719939
1.125 0.087387 0.0069391 0.0378688 0.0133022 0.0486512 0.00814654 0.0297826 0.0104659 0.0297815 0.0104662
1.375 0.105374 0.00942622 0.0996125 0.020186 0.0962269 0.0123637 0.0767089 0.0155375 0.0767091 0.0155373
1.625 0.150344 0.00990382 0.0451029 0.0248302 0.056208 0.0192752 0.0342799 0.0188956 0.0342795 0.0188951
1.875 0.181496 0.012259 0.111987 0.0327868 0.108553 0.0247784 0.0853138 0.0250002 0.0853292 0.0250001
2.125 0.177739 0.0163177 0.185398 0.0436706 0.168355 0.0333122 0.141691 0.0333082 0.141688 0.0333077
2.375 0.17841 0.022099 0.0641385 0.0967402 0.0928008 0.0430809 0.0471294 0.0710757 0.0471056 0.0711075
2.625 0.23318 0.0249248 0.0424604 0.146614 0.0695966 0.0809438 0.0306611 0.105946 0.0306538 0.105941
2.875 0.244019 0.029017 -0.0816729 0.274032 0.0904282 0.14383 0.0598518 0.201198 -0.0599511 0.200868
3.25 0.284678 0.0249567 0.37786 0.145596 0.30478 0.101306 0.262329 0.100394 0.262297 0.100387
3.75 0.284606 0.0419331 -0.38032 0.59932 -0.156731 0.400222 0.196569 0.306746 -0.196545 0.306731
-1 0.313694 0.0478062 0.241201 0 0.207192 0.211254 0.0844623 0.547176 0.0844106 0.546848
