data_CNT_BBCN_BBCS.txt
pT    v2raw     ev2raw     v2subA    ev2subA     v2subAZ   ev2subAZ   v2subRZ   ev2subRZ   v2subR    ev2subR
0.35  0.0313113 0.00230804 0.0280019 0.00468518  0.0207638 0.00341862 0.0209382 0.00358799 0.0209381 0.00358783
0.7  -0.0297704 0.00589269 0.0391782 0.00501805  0.0386875 0.00377989 0.0306082 0.00391937 0.0306083 0
1.2   0.0702638 0.00809892 0.0515057 0.0124593   0.0568547 0.00759021 0.0406113 0.00982031 0.0406006 0
1.7   0.148103  0.00918381 0.0764681 0.0191961   0.0760455 0.0120499  0.0585886 0.0147252  0.0585877 0.0112453
2.35  0.176153  0.013248   0.120287  0.032155    0.116018  0.0196824  0.0909612 0.0243208  0.0909619 0.0243208
3.5   0.296914  0.0215899  0.251698  0.223245    0.210155  0.0584711  0.15777   0.140217   0.157774  0.14021

data_CNT_BBCN_FVTN.txt
pT    v2raw     ev2raw     v2subA    ev2subA     v2subAZ   ev2subAZ   v2subRZ   ev2subRZ   v2subR    ev2subR
0.35  0.0109085 0.00076361 0.0132649 0.00168227  0.0087910 0.00107987 0.0086711 0.00109959 0.0086711 0.00109959
0.7  -0.0093118 0.00183253 0.0170494 0.00182136  0.0126843 0.00109676 0.011548  0.00123288 0.011548  0
1.2   0.0217461 0.00246384 0.0132408 0.00338296  0.0104083 0.00215734 0.0089731 0.00229232 0.0089707 0
1.7   0.0471806 0.0027454  0.0200219 0.00605897  0.0128605 0.00578709 0.0133554 0.00404553 0.013358  0.00341552
2.35  0.0604316 0.00434077 0.0096344 0.0191805  -0.0100444 0.0122225  0.0063245 0.012562   0.0063163 0.0125779
3.5   0.123451  0.00814392 0.0691935 0.047602    0.0318847 0.046481   0.0407426 0.0280364  0.0407413 0.0280372

data_CNT_BBCN_FVTS.txt
pT    v2raw     ev2raw     v2subA    ev2subA     v2subAZ   ev2subAZ   v2subRZ   ev2subRZ   v2subR    ev2subR
0.35  0.0294961 0.0020662  0.0423298 0.00577571  0.0329412 0.00428972 0.032862  0.00448441 0.0328625 0.00448449
0.7  -0.0253783 0.00499844 0.0680534 0.00767438  0.0602419 0.00511205 0.0551292 0.00621288 0.0551297 0
1.2   0.0595904 0.00676769 0.0790756 0.0186898   0.0808176 0.011108   0.0647201 0.0152898  0.0647027 0
1.7   0.131428  0.00769168 0.150722  0.0268201   0.13486   0.0175168  0.12126   0.0215819  0.121261  0.00886748
2.35  0.161947  0.0116743  0.105736  0.0301137   0.0846991 0.0256008  0.0835    0.0238069  0.0835165 0.0238087
3.5   0.302935  0.0199922  0.308897  0.108617    0.163589  0.122286   0.220442  0.0774789  0.220501  0.0774661

data_CNT_BBCS_FVTN.txt
pT    v2raw     ev2raw     v2subA    ev2subA     v2subAZ   ev2subAZ   v2subRZ   ev2subRZ   v2subR    ev2subR
0.35  0.0314964 0.00061428 0.0270238 0.00351769  0.0215707 0.00287932 0.0212472 0.00287674 0.0212472 0.00287656
0.7   0.0672467 0.00069079 0.040504  0.00359138  0.0353    0.00282832 0.0328922 0.00291997 0.0328922 0.00291998
1.2   0.117907  0.00123597 0.0501998 0.00673893  0.0387706 0.00651509 0.0407599 0.00548038 0.0407606 0.00548035
1.7   0.155019  0.00211004 0.0415311 0.0130785   0.030452  0.0136062  0.0329386 0.0103898  0.0329447 0.0103893
2.35  0.197972  0.00310071 0.027415  0.0543483  -0.0311084 0.0375717  0.0214645 0.0424533  0.0214367 0.0425079
3.5   0.256045  0.00778809 0.0561375 0.0622892   0.0402956 0.0594733  0.0399923 0.0444641  0.0399922 0.0444627

data_CNT_BBCS_FVTS.txt
pT    v2raw     ev2raw     v2subA    ev2subA     v2subAZ   ev2subAZ   v2subRZ   ev2subRZ   v2subR    ev2subR
0.35  0.0192417 0.00032350 0.016679  0.00216269  0.013492  0.00179257 0.0132489 0.0017877  0.013249  0.00178759
0.7   0.0414079 0.00033281 0.0312695 0.00252136  0.0279847 0.00179398 0.0258361 0.00208577 0.0258363 0.00208578
1.2   0.0729993 0.00059602 0.0579845 0.0044693   0.050251  0.0023209  0.0483712 0.00373473 0.0483716 0.00373462
1.7   0.0975648 0.0010682  0.0604681 0.0115665   0.0533038 0.00583477 0.0492066 0.00943324 0.0492062 0.00943354
2.35  0.119866  0.00159906 0.0581928 0.0123528   0.0437872 0.01136    0.0466272 0.00992264 0.0466365 0.00992231
3.5   0.141957  0.00407536 0.048471  0.0454406   0.0345101 0.0269524  0.0356026 0.0334641  0.0356129 0.0334693

data_CNT_FVTN_FVTS.txt
pT    v2raw     ev2raw     v2subA    ev2subA     v2subAZ   ev2subAZ   v2subRZ   ev2subRZ   v2subR    ev2subR
0.35  0.0328335 0.00046358 0.0297215 0.00227072  0.0232603 0.00185783 0.0234308 0.00179316 0.0234311 0.00179318
0.7   0.0634368 0.00050754 0.0511882 0.0025305   0.0373613 0.00197191 0.0416263 0.00206154 0.0416263 0.00206155
1.2   0.110657  0.00091097 0.0560733 0.00654818  0.0374595 0.00627013 0.0456412 0.00533912 0.0456415 0.00533906
1.7   0.152231  0.00160174 0.0595575 0.0153102   0.0367067 0.0160047  0.0479006 0.0123314  0.0479102 0.0123293
2.35  0.201409  0.0023089  0.0175332 0.0347933  -0.0154366 0.0190315  0.0138447 0.0274107  0.0138293 0.0274508
3.5   0.289088  0.00532046 0.0501248 0.0377234   0.0213202 0.034762   0.0392626 0.0295923  0.0392716 0.0295977
